0 0.46181672025723475 0.027955271565495207 0.6310289389067524 0.0463258785942492
0 0.4995980707395498 0.10063897763578275 0.6953376205787781 0.04472843450479233
0 0.44895498392282956 0.23562300319488816 0.6004823151125401 0.05591054313099041
0 0.502411575562701 0.2979233226837061 0.6945337620578778 0.052715654952076675
0 0.46864951768488744 0.43450479233226835 0.6430868167202572 0.05750798722044728
0 0.49115755627009644 0.5007987220447284 0.684887459807074 0.05910543130990415
0 0.43689710610932475 0.6413738019169328 0.5779742765273311 0.052715654952076675
0 0.48914790996784563 0.7028753993610224 0.682475884244373 0.054313099041533544
0 0.4413183279742765 0.8426517571884984 0.5884244372990354 0.04952076677316294
0 0.4883440514469453 0.9097444089456869 0.6760450160771704 0.039936102236421724
